mysql> source splits/byteamL.sql;
+--------------+-------+-------+-------+-------+-------+-------+-------+-------+-------+-------+-------+------+-------+-------+-------+------+-------+-------+------+------+-------+-------+-------+-------+-------+------+------+-------+-------+------+-------+-------+
| user_name    | ARI_L | ATL_L | BAL_L | BUF_L | CAR_L | CHI_L | CIN_L | CLE_L | DAL_L | DEN_L | DET_L | GB_L | HOU_L | IND_L | JAX_L | KC_L | MIA_L | MIN_L | NE_L | NO_L | NYG_L | NYJ_L | OAK_L | PHI_L | PIT_L | SD_L | SF_L | SEA_L | STL_L | TB_L | TEN_L | WAS_L |
+--------------+-------+-------+-------+-------+-------+-------+-------+-------+-------+-------+-------+------+-------+-------+-------+------+-------+-------+------+------+-------+-------+-------+-------+-------+------+------+-------+-------+------+-------+-------+
| avasudev     |  NULL |  NULL |  NULL |  NULL |  NULL |  NULL |  NULL |  NULL |  NULL |  NULL |  NULL | NULL |  NULL |  NULL |  NULL | NULL |  NULL |  NULL | NULL | NULL |  NULL |  NULL |  NULL |  NULL |  NULL | NULL | NULL |  NULL |  NULL | NULL |  NULL |  NULL | 
| bshiff       |  NULL |  NULL |  NULL |  NULL |  NULL |  NULL |  NULL |  NULL |  NULL |  NULL |  NULL | NULL |  NULL |  NULL |  NULL | NULL |  NULL |  NULL | NULL | NULL |  NULL |  NULL |  NULL |  NULL |  NULL | NULL | NULL |  NULL |  NULL | NULL |  NULL |  NULL | 
| ckoci        |     9 |     9 |    12 |     8 |     7 |     9 |     6 |    10 |    11 |     9 |    11 |    8 |    10 |     6 |     8 |    8 |     6 |    10 |    8 |   10 |     6 |    14 |     7 |     6 |     8 |   10 |    4 |     8 |    10 |   10 |     9 |     9 | 
| dcurry       |     6 |     3 |     4 |     5 |     4 |     3 |     4 |     3 |     4 |     3 |     3 |    3 |     2 |     2 |     4 |    2 |     4 |     4 |    3 |    3 |     3 |     5 |     4 |     1 |     4 |    2 |    3 |     4 |     4 |    5 |     3 |     3 | 
| dgrysen      |    12 |     6 |    10 |     8 |    10 |     8 |     8 |     7 |     9 |    10 |     9 |    5 |    10 |     7 |     9 |   11 |     8 |    11 |   12 |    8 |     5 |     8 |     6 |    11 |     7 |   12 |    9 |     7 |     9 |    7 |     7 |    12 | 
| dnims        |    10 |     8 |     8 |     6 |     5 |    10 |     7 |     8 |    10 |     6 |     7 |    6 |     7 |     7 |     6 |   12 |    10 |     8 |    6 |    8 |     8 |     8 |     9 |     8 |     6 |    8 |    7 |     8 |     7 |    7 |     5 |     8 | 
| dschexnayder |    10 |     6 |    12 |    10 |     7 |     8 |     5 |     7 |     8 |     5 |     7 |    6 |     8 |     6 |    10 |    9 |     9 |     5 |   10 |    8 |    11 |     8 |     5 |     7 |     6 |    7 |    7 |     3 |     3 |    8 |    10 |     9 | 
| dwaldo       |     3 |     2 |     2 |     3 |     4 |     2 |     1 |     2 |     2 |     4 |     2 |    1 |  NULL |  NULL |     2 |    1 |     1 |     2 |    2 |    1 |     2 |     2 |     1 |     1 |     1 | NULL |    1 |     2 |     3 |    2 |     1 |     1 | 
| ewall        |    10 |     7 |    10 |     2 |    10 |     7 |     8 |    11 |     8 |     7 |     8 |    4 |     8 |     7 |     8 |    9 |     5 |    10 |    5 |    8 |     9 |     7 |     5 |     7 |     8 |    8 |   10 |     8 |     9 |    9 |     7 |     9 | 
| ewang        |  NULL |  NULL |  NULL |  NULL |  NULL |  NULL |  NULL |  NULL |  NULL |  NULL |  NULL | NULL |  NULL |  NULL |  NULL | NULL |  NULL |  NULL | NULL | NULL |  NULL |  NULL |  NULL |  NULL |  NULL | NULL | NULL |  NULL |  NULL | NULL |  NULL |  NULL | 
| jeff         |     9 |     7 |     9 |     8 |     8 |     5 |     8 |     4 |    10 |     4 |     6 |    7 |     7 |     7 |     8 |    6 |     9 |     8 |    8 |    8 |     9 |     6 |     7 |     6 |     6 |    7 |    9 |    10 |     8 |    7 |     3 |    10 | 
| jmckee       |    13 |    10 |     7 |    11 |     7 |    10 |     6 |     9 |     8 |     8 |     7 |   10 |     6 |     9 |    10 |    7 |     7 |    10 |    7 |   12 |    11 |     8 |     6 |     9 |     4 |    8 |    8 |    11 |     7 |    9 |     5 |    10 | 
| jpnance      |    10 |    10 |     8 |     6 |     9 |     7 |     7 |     8 |     9 |     8 |     9 |    5 |     8 |    10 |     9 |    8 |     9 |     7 |    9 |   10 |     8 |     4 |     9 |     9 |    10 |    7 |    8 |     6 |     7 |   11 |     8 |     7 | 
| ksomandar    |     8 |     8 |    11 |    10 |     8 |    11 |     6 |     6 |     7 |     7 |     8 |    8 |     8 |     7 |    11 |    9 |     9 |     5 |    9 |    8 |     4 |     8 |    10 |     5 |    10 |    8 |    9 |    10 |     8 |    7 |    10 |     7 | 
| kwolf        |     9 |     8 |     8 |     9 |     8 |     6 |     9 |    11 |     9 |     8 |     8 |    7 |     7 |     9 |    11 |    7 |     7 |     9 |   11 |    8 |     6 |    10 |     9 |     8 |     9 |   10 |    6 |     8 |     9 |    9 |     7 |     6 | 
| lzimmermann  |    10 |     9 |    10 |    10 |    10 |     6 |     7 |     6 |    10 |    11 |     7 |    6 |     6 |     8 |     8 |   10 |     9 |     9 |    6 |    7 |     8 |     4 |     6 |     9 |     8 |   10 |    7 |     6 |     9 |    8 |     9 |     9 | 
| mjancaitis   |    11 |     6 |     5 |     7 |     6 |     9 |     7 |     6 |     9 |     7 |     7 |    5 |     9 |     8 |     9 |    6 |     8 |     8 |    8 |    9 |    10 |     8 |     7 |     8 |     7 |    5 |    6 |     7 |     6 |    9 |     6 |     7 | 
| psoung       |    12 |     7 |     8 |    10 |    10 |     7 |     4 |     6 |    11 |     2 |     6 |    6 |     9 |    11 |    13 |    8 |     6 |     9 |    7 |    9 |     9 |     7 |     6 |     8 |     8 |    8 |   10 |     8 |     8 |    9 |     9 |     9 | 
| qmartindale  |     7 |     5 |     7 |    10 |     8 |     7 |     6 |     9 |     7 |     8 |     9 |    8 |     5 |     5 |    12 |    9 |     7 |    11 |   11 |    8 |     7 |     7 |     5 |     7 |     7 |    4 |    4 |     5 |     6 |    7 |     6 |    10 | 
| rwilliams    |     7 |     8 |     7 |     9 |     7 |     9 |     7 |     9 |     9 |    11 |     9 |    5 |     6 |     7 |     9 |    7 |    10 |     9 |    5 |    7 |     9 |     5 |     9 |     8 |     7 |   11 |    9 |     7 |     4 |    9 |     9 |     6 | 
| skent        |    10 |     6 |     5 |     7 |     8 |     8 |     4 |     8 |     5 |     3 |     5 |    2 |     6 |     4 |     7 |    7 |     3 |     8 |    5 |    6 |     7 |     9 |     4 |     5 |     5 |    7 |   10 |     8 |     5 |    9 |     5 |     7 | 
| thighland    |     7 |     6 |    12 |     9 |     9 |     8 |     6 |     6 |     9 |     5 |    10 |    8 |     7 |     9 |     9 |    8 |     9 |     9 |    7 |   11 |     7 |     9 |     7 |     9 |     8 |    8 |    7 |     8 |    13 |    9 |     8 |     9 | 
| zschank      |     8 |    11 |     8 |     4 |     7 |     7 |     7 |     7 |     7 |    12 |    10 |    5 |     4 |     9 |     8 |    8 |     7 |     8 |    9 |    7 |    10 |     5 |     9 |     9 |     6 |    9 |    7 |     9 |     4 |    8 |     7 |    12 | 
+--------------+-------+-------+-------+-------+-------+-------+-------+-------+-------+-------+-------+------+-------+-------+-------+------+-------+-------+------+------+-------+-------+-------+-------+-------+------+------+-------+-------+------+-------+-------+
23 rows in set (2.30 sec)
