mysql> source splits/byteamW.sql;
+--------------+-------+-------+-------+-------+-------+-------+-------+-------+-------+-------+-------+------+-------+-------+-------+------+-------+-------+------+------+-------+-------+-------+-------+-------+------+------+-------+-------+------+-------+-------+
| user_name    | ARI_W | ATL_W | BAL_W | BUF_W | CAR_W | CHI_W | CIN_W | CLE_W | DAL_W | DEN_W | DET_W | GB_W | HOU_W | IND_W | JAX_W | KC_W | MIA_W | MIN_W | NE_W | NO_W | NYG_W | NYJ_W | OAK_W | PHI_W | PIT_W | SD_W | SF_W | SEA_W | STL_W | TB_W | TEN_W | WAS_W |
+--------------+-------+-------+-------+-------+-------+-------+-------+-------+-------+-------+-------+------+-------+-------+-------+------+-------+-------+------+------+-------+-------+-------+-------+-------+------+------+-------+-------+------+-------+-------+
| avasudev     |  NULL |  NULL |  NULL |  NULL |  NULL |  NULL |  NULL |  NULL |  NULL |  NULL |  NULL | NULL |  NULL |  NULL |  NULL | NULL |  NULL |  NULL | NULL | NULL |  NULL |  NULL |  NULL |  NULL |  NULL | NULL | NULL |  NULL |  NULL | NULL |  NULL |  NULL | 
| bshiff       |  NULL |  NULL |  NULL |  NULL |  NULL |  NULL |  NULL |  NULL |  NULL |  NULL |  NULL | NULL |  NULL |  NULL |  NULL | NULL |  NULL |  NULL | NULL | NULL |  NULL |  NULL |  NULL |  NULL |  NULL | NULL | NULL |  NULL |  NULL | NULL |  NULL |  NULL | 
| ckoci        |     7 |     7 |     4 |     8 |     9 |     7 |    10 |     6 |     5 |     7 |     5 |    8 |     6 |    10 |     8 |    8 |    10 |     6 |    8 |    6 |    10 |     2 |     9 |    10 |     8 |    6 |   12 |     8 |     6 |    6 |     7 |     7 | 
| dcurry       |     2 |     4 |     3 |     2 |     4 |     4 |     3 |     4 |     3 |     4 |     4 |    4 |     5 |     5 |     3 |    5 |     3 |     3 |    4 |    4 |     4 |     3 |     3 |     7 |     3 |    5 |    4 |     3 |     3 |    2 |     4 |     4 | 
| dgrysen      |     4 |    10 |     6 |     8 |     6 |     8 |     8 |     9 |     7 |     6 |     7 |   11 |     6 |     9 |     7 |    5 |     8 |     5 |    4 |    8 |    11 |     8 |    10 |     5 |     9 |    4 |    7 |     9 |     7 |    9 |     9 |     4 | 
| dnims        |     5 |     7 |     7 |     9 |    10 |     6 |     8 |     7 |     6 |    10 |     9 |   10 |     8 |     9 |     8 |    4 |     6 |     7 |   10 |    7 |     7 |     7 |     7 |     8 |     9 |    8 |    8 |     8 |     8 |    9 |    11 |     7 | 
| dschexnayder |     6 |    10 |     4 |     6 |     9 |     8 |    11 |     9 |     8 |    11 |     9 |   10 |     8 |    10 |     6 |    7 |     7 |    11 |    6 |    8 |     5 |     8 |    11 |     9 |    10 |    9 |    9 |    13 |    13 |    8 |     6 |     7 | 
| dwaldo       |     1 |     2 |     2 |     1 |  NULL |     2 |     3 |     1 |     1 |  NULL |     2 |    2 |     4 |     3 |     1 |    2 |     3 |     1 |    1 |    3 |     2 |     2 |     2 |     3 |     3 |    3 |    3 |     2 |     1 |    2 |     3 |     3 | 
| ewall        |     6 |     9 |     6 |    14 |     6 |     9 |     8 |     5 |     8 |     9 |     8 |   12 |     8 |     9 |     8 |    7 |    11 |     6 |   11 |    8 |     7 |     9 |    11 |     9 |     8 |    8 |    6 |     8 |     7 |    7 |     9 |     7 | 
| ewang        |  NULL |  NULL |  NULL |  NULL |  NULL |  NULL |  NULL |  NULL |  NULL |  NULL |  NULL | NULL |  NULL |  NULL |  NULL | NULL |  NULL |  NULL | NULL | NULL |  NULL |  NULL |  NULL |  NULL |  NULL | NULL | NULL |  NULL |  NULL | NULL |  NULL |  NULL | 
| jeff         |     7 |     9 |     7 |     8 |     8 |    11 |     8 |    12 |     6 |    12 |    10 |    9 |     9 |     9 |     8 |   10 |     7 |     8 |    8 |    8 |     7 |    10 |     9 |    10 |    10 |    9 |    7 |     6 |     8 |    9 |    13 |     6 | 
| jmckee       |     2 |     5 |     8 |     4 |     8 |     6 |     9 |     6 |     7 |     7 |     8 |    6 |     9 |     6 |     5 |    8 |     8 |     5 |    8 |    3 |     4 |     7 |     9 |     6 |    11 |    7 |    7 |     4 |     8 |    6 |    10 |     5 | 
| jpnance      |     6 |     6 |     8 |    10 |     7 |     9 |     9 |     8 |     7 |     8 |     7 |   11 |     8 |     6 |     7 |    8 |     7 |     9 |    7 |    6 |     8 |    12 |     7 |     7 |     6 |    9 |    8 |    10 |     9 |    5 |     8 |     9 | 
| ksomandar    |     8 |     8 |     5 |     6 |     8 |     5 |    10 |    10 |     9 |     9 |     8 |    7 |     8 |     8 |     5 |    7 |     7 |    10 |    7 |    8 |    12 |     8 |     6 |    11 |     6 |    8 |    7 |     6 |     8 |    9 |     6 |     8 | 
| kwolf        |     7 |     8 |     8 |     7 |     8 |    10 |     7 |     5 |     7 |     8 |     8 |    9 |     9 |     7 |     5 |    9 |     9 |     7 |    5 |    8 |    10 |     6 |     7 |     8 |     7 |    6 |   10 |     8 |     7 |    7 |     9 |    10 | 
| lzimmermann  |     6 |     7 |     6 |     5 |     5 |     9 |     8 |     9 |     6 |     5 |     7 |    9 |    10 |     6 |     8 |    6 |     5 |     6 |    9 |    8 |     7 |    12 |    10 |     7 |     8 |    6 |    9 |    10 |     6 |    7 |     6 |     6 | 
| mjancaitis   |     3 |     8 |     9 |     7 |     8 |     5 |     7 |     8 |     5 |     7 |     7 |   10 |     5 |     6 |     5 |    9 |     7 |     7 |    6 |    5 |     4 |     7 |     8 |     6 |     7 |    9 |    8 |     7 |     8 |    5 |     8 |     7 | 
| psoung       |     2 |     8 |     6 |     5 |     4 |     7 |    10 |     9 |     4 |    13 |     9 |    9 |     6 |     4 |     2 |    7 |     9 |     6 |    8 |    6 |     5 |     8 |     8 |     7 |     7 |    7 |    5 |     6 |     7 |    6 |     6 |     6 | 
| qmartindale  |     9 |    11 |     9 |     6 |     8 |     9 |    10 |     7 |     9 |     8 |     7 |    8 |    11 |    11 |     4 |    7 |     9 |     5 |    5 |    8 |     9 |     9 |    11 |     9 |     9 |   12 |   12 |    11 |    10 |    9 |    10 |     6 | 
| rwilliams    |     8 |     7 |     8 |     6 |     8 |     6 |     8 |     6 |     6 |     4 |     6 |   10 |     9 |     8 |     6 |    8 |     6 |     7 |   10 |    8 |     6 |    10 |     7 |     7 |     9 |    5 |    6 |     8 |    11 |    6 |     6 |    10 | 
| skent        |     2 |     6 |     7 |     5 |     3 |     4 |     7 |     5 |     8 |     9 |     6 |   10 |     5 |     7 |     4 |    4 |     8 |     3 |    6 |    6 |     4 |     3 |     7 |     6 |     7 |    5 |    3 |     5 |     7 |    2 |     6 |     4 | 
| thighland    |     9 |    10 |     4 |     7 |     7 |     8 |    10 |    10 |     7 |    11 |     6 |    8 |     9 |     7 |     7 |    8 |     7 |     7 |    9 |    5 |     9 |     7 |     9 |     7 |     8 |    8 |    9 |     8 |     3 |    7 |     8 |     7 | 
| zschank      |     8 |     4 |     7 |    11 |     7 |     8 |     7 |     7 |     8 |     4 |     5 |    9 |    10 |     7 |     7 |    6 |     8 |     5 |    5 |    7 |     5 |     9 |     5 |     6 |     8 |    7 |    9 |     6 |    10 |    6 |     7 |     2 | 
+--------------+-------+-------+-------+-------+-------+-------+-------+-------+-------+-------+-------+------+-------+-------+-------+------+-------+-------+------+------+-------+-------+-------+-------+-------+------+------+-------+-------+------+-------+-------+
23 rows in set (2.31 sec)
