mysql> SOURCE splits/byuserbyfavor.sql;
+--------------+------+------+------+------+------+------+------+------+------+------+-------+-------+-------+-------+-------+-------+-------+-------+
| user_name    | W    | L    | hW   | hL   | aW   | aL   | favW | favL | dogW | dogL | hfavW | hfavL | afavW | afavL | hdogW | hdogL | adogW | adogL |
+--------------+------+------+------+------+------+------+------+------+------+------+-------+-------+-------+-------+-------+-------+-------+-------+
| avasudev     | NULL | NULL | NULL | NULL | NULL | NULL | NULL | NULL | NULL | NULL |  NULL |  NULL |  NULL |  NULL |  NULL |  NULL |  NULL |  NULL |
| bshiff       | NULL | NULL | NULL | NULL | NULL | NULL | NULL | NULL | NULL | NULL |  NULL |  NULL |  NULL |  NULL |  NULL |  NULL |  NULL |  NULL |
| ckoci        |  118 |  138 |   55 |   69 |   63 |   69 |   52 |   79 |   66 |   59 |    35 |    51 |    17 |    28 |    20 |    18 |    46 |    41 |
| dcurry       |   59 |   55 |   35 |   25 |   24 |   30 |   46 |   46 |   13 |    9 |    32 |    24 |    14 |    22 |     3 |     1 |    10 |     8 |
| dgrysen      |  117 |  139 |   56 |   71 |   61 |   68 |   54 |   82 |   63 |   57 |    38 |    52 |    16 |    30 |    18 |    19 |    45 |    38 |
| dnims        |  125 |  122 |   64 |   67 |   61 |   55 |   79 |   94 |   46 |   28 |    53 |    59 |    26 |    35 |    11 |     8 |    35 |    20 |
| dschexnayder |  136 |  120 |   65 |   61 |   71 |   59 |   65 |   74 |   71 |   46 |    41 |    50 |    24 |    24 |    24 |    11 |    47 |    35 |
| dwaldo       |   32 |   27 |   17 |   15 |   15 |   12 |   22 |   25 |   10 |    2 |    13 |    15 |     9 |    10 |     4 |  NULL |     6 |     2 |
| ewall        |  132 |  124 |   48 |   48 |   84 |   76 |   60 |   73 |   72 |   51 |    35 |    38 |    25 |    35 |    13 |    10 |    59 |    41 |
| ewang        | NULL | NULL | NULL | NULL | NULL | NULL | NULL | NULL | NULL | NULL |  NULL |  NULL |  NULL |  NULL |  NULL |  NULL |  NULL |  NULL |
| jeff         |  139 |  117 |   60 |   53 |   79 |   64 |   71 |   77 |   68 |   40 |    48 |    41 |    23 |    36 |    12 |    12 |    56 |    28 |
| jmckee       |  106 |  135 |   59 |   74 |   47 |   61 |   60 |   91 |   46 |   44 |    42 |    60 |    18 |    31 |    17 |    14 |    29 |    30 |
| jpnance      |  126 |  130 |   53 |   59 |   73 |   71 |   69 |   88 |   57 |   42 |    42 |    51 |    27 |    37 |    11 |     8 |    46 |    34 |
| ksomandar    |  124 |  130 |   49 |   56 |   75 |   74 |   66 |   86 |   58 |   44 |    40 |    47 |    26 |    39 |     9 |     9 |    49 |    35 |
| kwolf        |  123 |  133 |   61 |   70 |   62 |   63 |   71 |   93 |   52 |   40 |    48 |    58 |    23 |    35 |    13 |    12 |    39 |    28 |
| lzimmermann  |  117 |  129 |   52 |   63 |   65 |   66 |   72 |   98 |   45 |   31 |    44 |    58 |    28 |    40 |     8 |     5 |    37 |    26 |
| mjancaitis   |  109 |  118 |   44 |   45 |   65 |   73 |   60 |   76 |   49 |   42 |    38 |    36 |    22 |    40 |     6 |     9 |    43 |    33 |
| psoung       |  106 |  130 |   42 |   55 |   64 |   75 |   62 |   90 |   44 |   40 |    33 |    52 |    29 |    38 |     9 |     3 |    35 |    37 |
| qmartindale  |  139 |  117 |   77 |   70 |   62 |   47 |   72 |   78 |   67 |   39 |    51 |    56 |    21 |    22 |    26 |    14 |    41 |    25 |
| rwilliams    |  118 |  125 |   60 |   64 |   58 |   61 |   61 |   78 |   57 |   47 |    41 |    52 |    20 |    26 |    19 |    12 |    38 |    35 |
| skent        |   87 |   99 |   41 |   38 |   46 |   61 |   48 |   61 |   39 |   38 |    31 |    31 |    17 |    30 |    10 |     7 |    29 |    31 |
| thighland    |  123 |  133 |   61 |   70 |   62 |   63 |   72 |   94 |   51 |   39 |    47 |    60 |    25 |    34 |    14 |    10 |    37 |    29 |
| zschank      |  110 |  124 |   59 |   66 |   51 |   58 |   67 |   93 |   43 |   31 |    47 |    57 |    20 |    36 |    12 |     9 |    31 |    22 |
+--------------+------+------+------+------+------+------+------+------+------+------+-------+-------+-------+-------+-------+-------+-------+-------+
23 rows in set (4.23 sec)
